f=100;
fs=1000;
t0=0;
tf=0.5;


